distri='gev'
xi=0.773940070244855
mu=0.078140638855799
sigma=0.0825628292447839
pvalue=0.0492430694474485
