distri='2gaussian'
mu1=-0.0988818802809851
mu2=0.224128364978759
sigma1=0.0805049842860148
sigma2=0.1419442299742
lambda1=0.617212141126549
lambda2=0.382787858873451
