distri='gaussian'
mu=-0.134738856937613
sigma=0.133442156207395
pvalue=0.0109766470194957
