distri='gaussian'
mu=0.18607529395382
sigma=0.465145972682531
pvalue=0.0119619158355478
