distri='gamma'
shape=1.00613043723598
rate=1.40355778545225
pvalue=0.448410146326408
