distri='gaussian'
mu=-0.132287904295294
sigma=0.397084048453376
pvalue=0.0907530125555593
